6
12
20
21
25
26
29
35
36
37
39
40
42
44
45
46
47
48
49
57
58
59
60
61
62
77
78
79
80
81
82
83
84
85
86
87
88
89
90
91
92
93
94
95
96
97
98
99
100
101
102
103
104
105
106
107
109
110
111
112
113
115
117
120
121
124
130
142
143
144
146
147
148
149
150
151
152
153
154
155
157
158
159
161
162
163
165
186
187
189
191
192
194
195
197
198
199
200
201
202
203
204
205
206
207
208
209
210
211
212
213
214
215
216
217
218
219
224
228
233
251
255
256
257
258
259
260
261
262
263
264
265
266
267
268
269
271
272
273
275
276
279
281
284
287
290
291
292
293
294
295
296
297
298
299
300
301
302
303
304
305
306
307
308
309
310
311
312
313
314
315
